-2.000000000000000000e+00 2.653333333333333321e+00 2.591857693808784724e+00
-1.979999999999999982e+00 2.573733333333333206e+00 2.517267379887752732e+00
-1.959999999999999964e+00 2.494933333333333003e+00 2.442723326516355264e+00
-1.939999999999999947e+00 2.416933333333332712e+00 2.368377761009641702e+00
-1.919999999999999929e+00 2.339733333333333221e+00 2.294351185039348984e+00
-1.899999999999999911e+00 2.263333333333332753e+00 2.220739417812094274e+00
-1.879999999999999893e+00 2.187733333333333086e+00 2.147618865421059731e+00
-1.859999999999999876e+00 2.112933333333332442e+00 2.075050549772515573e+00
-1.840000000000000080e+00 2.038933333333333486e+00 2.003083235940755547e+00
-1.820000000000000062e+00 1.965733333333333555e+00 1.931755886087490159e+00
-1.800000000000000044e+00 1.893333333333333535e+00 1.861099600358911532e+00
-1.780000000000000027e+00 1.821733333333333427e+00 1.791139161274543312e+00
-1.760000000000000009e+00 1.750933333333333231e+00 1.721894268319845045e+00
-1.739999999999999991e+00 1.680933333333333390e+00 1.653380528471865674e+00
-1.719999999999999973e+00 1.611733333333333018e+00 1.585610253186766849e+00
-1.699999999999999956e+00 1.543333333333333002e+00 1.518593101118422162e+00
-1.679999999999999938e+00 1.475733333333332897e+00 1.452336597350163627e+00
-1.659999999999999920e+00 1.408933333333333149e+00 1.386846553435912455e+00
-1.640000000000000124e+00 1.342933333333333756e+00 1.322127407535959476e+00
-1.620000000000000107e+00 1.277733333333333832e+00 1.258182500026828965e+00
-1.600000000000000089e+00 1.213333333333333819e+00 1.195014296898221362e+00
-1.580000000000000071e+00 1.149733333333333718e+00 1.132624570828080657e+00
-1.560000000000000053e+00 1.086933333333333529e+00 1.071014547904282521e+00
-1.540000000000000036e+00 1.024933333333333252e+00 1.010185026428698452e+00
-1.520000000000000018e+00 9.637333333333332197e-01 9.501364730128734060e-01
-1.500000000000000000e+00 9.033333333333332105e-01 8.908691001898796369e-01
-1.479999999999999982e+00 8.437333333333331131e-01 8.323829289741182524e-01
-1.459999999999999964e+00 7.849333333333329277e-01 7.746778391609071557e-01
-1.439999999999999947e+00 7.269333333333330982e-01 7.177536096399648180e-01
-1.419999999999999929e+00 6.697333333333331806e-01 6.616099505771849687e-01
-1.399999999999999911e+00 6.133333333333329529e-01 6.062465289782148492e-01
-1.379999999999999893e+00 5.577333333333328591e-01 5.516629888700195217e-01
-1.359999999999999876e+00 5.029333333333328993e-01 4.978589671106842252e-01
-1.339999999999999858e+00 4.489333333333329623e-01 4.448341056533676730e-01
-1.319999999999999840e+00 3.957333333333328262e-01 3.925880609397651710e-01
-1.299999999999999822e+00 3.433333333333328241e-01 3.411205109753460141e-01
-1.280000000000000027e+00 2.917333333333334000e-01 2.904311605378798733e-01
-1.260000000000000009e+00 2.409333333333334159e-01 2.405197448882712141e-01
-1.239999999999999991e+00 1.909333333333333715e-01 1.913860322850989837e-01
-1.219999999999999973e+00 1.417333333333332390e-01 1.430298255488290926e-01
-1.199999999999999956e+00 9.333333333333324044e-02 9.545096287619239672e-02
-1.179999999999999938e+00 4.573333333333315376e-02 4.864931806792458652e-02
-1.160000000000000142e+00 -1.066666666666354901e-03 2.624800302458603352e-03
-1.140000000000000124e+00 -4.706666666666639576e-02 -4.262264643694124722e-02
-1.120000000000000107e+00 -9.226666666666652472e-02 -8.709304419470334513e-02
-1.100000000000000089e+00 -1.366666666666665197e-01 -1.307863820651065101e-01
-1.080000000000000071e+00 -1.802666666666666029e-01 -1.737026173478720403e-01
-1.060000000000000053e+00 -2.230666666666665521e-01 -2.158416767923055923e-01
-1.040000000000000036e+00 -2.650666666666665616e-01 -2.572034578943552252e-01
-1.020000000000000018e+00 -3.062666666666666870e-01 -2.977878302185039128e-01
-1.000000000000000000e+00 -3.466666666666666785e-01 -3.375946367225690081e-01
-9.799999999999999822e-01 -3.862666666666667581e-01 -3.766236950684874185e-01
-9.599999999999999645e-01 -4.250666666666667037e-01 -4.148747989062245289e-01
-9.399999999999999467e-01 -4.630666666666667375e-01 -4.523477191212291748e-01
-9.199999999999999289e-01 -5.002666666666669704e-01 -4.890422050385017649e-01
-8.999999999999999112e-01 -5.366666666666669583e-01 -5.249579855784664018e-01
-8.799999999999998934e-01 -5.722666666666669233e-01 -5.600947703615295481e-01
-8.599999999999998757e-01 -6.070666666666669764e-01 -5.944522507595507710e-01
-8.400000000000000799e-01 -6.410666666666666735e-01 -6.280301008935059714e-01
-8.200000000000000622e-01 -6.742666666666666808e-01 -6.608279785774430204e-01
-8.000000000000000444e-01 -7.066666666666666652e-01 -6.928455262094646017e-01
-7.800000000000000266e-01 -7.382666666666667377e-01 -7.240823716109426877e-01
-7.600000000000000089e-01 -7.690666666666667872e-01 -7.545381288155250665e-01
-7.399999999999999911e-01 -7.990666666666668139e-01 -7.842123988097441378e-01
-7.199999999999999734e-01 -8.282666666666668176e-01 -8.131047702272035105e-01
-6.999999999999999556e-01 -8.566666666666667984e-01 -8.412148199984283981e-01
-6.799999999999999378e-01 -8.842666666666668673e-01 -8.685421139585191019e-01
-6.599999999999999201e-01 -9.110666666666669133e-01 -8.950862074147565295e-01
-6.399999999999999023e-01 -9.370666666666669364e-01 -9.208466456763002572e-01
-6.199999999999998845e-01 -9.622666666666669366e-01 -9.458229645480713543e-01
-5.999999999999998668e-01 -9.866666666666669139e-01 -9.700146907908588911e-01
-5.800000000000000711e-01 -1.010266666666666646e+00 -9.934213425496172256e-01
-5.600000000000000533e-01 -1.033066666666666578e+00 -1.016042429751838672e+00
-5.400000000000000355e-01 -1.055066666666666597e+00 -1.037877454477801775e+00
-5.200000000000000178e-01 -1.076266666666666705e+00 -1.058925911304403167e+00
-5.000000000000000000e-01 -1.096666666666666679e+00 -1.079187287624190805e+00
-4.799999999999999822e-01 -1.116266666666666740e+00 -1.098661063941123173e+00
-4.599999999999999645e-01 -1.135066666666666668e+00 -1.117346714144485276e+00
-4.399999999999999467e-01 -1.153066666666666684e+00 -1.135243705762305266e+00
-4.199999999999999289e-01 -1.170266666666666788e+00 -1.152351500195526901e+00
-3.999999999999999112e-01 -1.186666666666666758e+00 -1.168669552934105349e+00
-3.799999999999998934e-01 -1.202266666666666817e+00 -1.184197313756119252e+00
-3.599999999999998757e-01 -1.217066666666666741e+00 -1.198934226910900680e+00
-3.399999999999998579e-01 -1.231066666666666753e+00 -1.212879731287125784e+00
-3.200000000000000622e-01 -1.244266666666666632e+00 -1.226033260566719241e+00
-3.000000000000000444e-01 -1.256666666666666599e+00 -1.238394243365373848e+00
-2.800000000000000266e-01 -1.268266666666666653e+00 -1.249962103360406251e+00
-2.600000000000000089e-01 -1.279066666666666574e+00 -1.260736259406616044e+00
-2.399999999999999911e-01 -1.289066666666666583e+00 -1.270716125640758198e+00
-2.199999999999999734e-01 -1.298266666666666680e+00 -1.279901111575168615e+00
-1.999999999999999556e-01 -1.306666666666666643e+00 -1.288290622181043732e+00
-1.799999999999999378e-01 -1.314266666666666694e+00 -1.295884057961814273e+00
-1.599999999999999201e-01 -1.321066666666666611e+00 -1.302680815017002836e+00
-1.399999999999999023e-01 -1.327066666666666617e+00 -1.308680285096911922e+00
-1.199999999999998845e-01 -1.332266666666666710e+00 -1.313881855648437291e+00
-9.999999999999986677e-02 -1.336666666666666670e+00 -1.318284909852258657e+00
-8.000000000000007105e-02 -1.340266666666666717e+00 -1.321888826651615778e+00
-6.000000000000005329e-02 -1.343066666666666631e+00 -1.324692980772831818e+00
-4.000000000000003553e-02 -1.345066666666666633e+00 -1.326696742737709211e+00
-2.000000000000001776e-02 -1.346266666666666723e+00 -1.327899478867872629e+00
0.000000000000000000e+00 -1.346666666666666679e+00 -1.328300551281100139e+00
2.000000000000001776e-02 -1.346266666666666723e+00 -1.327899478867874850e+00
4.000000000000003553e-02 -1.345066666666666633e+00 -1.326696742737712764e+00
6.000000000000005329e-02 -1.343066666666666631e+00 -1.324692980772837148e+00
8.000000000000007105e-02 -1.340266666666666717e+00 -1.321888826651622662e+00
1.000000000000000888e-01 -1.336666666666666670e+00 -1.318284909852267317e+00
1.200000000000001066e-01 -1.332266666666666710e+00 -1.313881855648447505e+00
1.400000000000001243e-01 -1.327066666666666617e+00 -1.308680285096924134e+00
1.600000000000001421e-01 -1.321066666666666611e+00 -1.302680815017016824e+00
1.800000000000001599e-01 -1.314266666666666694e+00 -1.295884057961830038e+00
2.000000000000001776e-01 -1.306666666666666643e+00 -1.288290622181061273e+00
2.200000000000001954e-01 -1.298266666666666680e+00 -1.279901111575187489e+00
2.400000000000002132e-01 -1.289066666666666583e+00 -1.270716125640779071e+00
2.600000000000002309e-01 -1.279066666666666574e+00 -1.260736259406638693e+00
2.800000000000002487e-01 -1.268266666666666653e+00 -1.249962103360430454e+00
3.000000000000002665e-01 -1.256666666666666599e+00 -1.238394243365400271e+00
3.199999999999998401e-01 -1.244266666666666854e+00 -1.226033260566747218e+00
3.399999999999998579e-01 -1.231066666666666753e+00 -1.212879731287155316e+00
3.599999999999998757e-01 -1.217066666666666741e+00 -1.198934226910931988e+00
3.799999999999998934e-01 -1.202266666666666817e+00 -1.184197313756152115e+00
3.999999999999999112e-01 -1.186666666666666758e+00 -1.168669552934140432e+00
4.199999999999999289e-01 -1.170266666666666788e+00 -1.152351500195563538e+00
4.399999999999999467e-01 -1.153066666666666684e+00 -1.135243705762344124e+00
4.599999999999999645e-01 -1.135066666666666668e+00 -1.117346714144525910e+00
4.799999999999999822e-01 -1.116266666666666740e+00 -1.098661063941165583e+00
5.000000000000000000e-01 -1.096666666666666679e+00 -1.079187287624234770e+00
5.200000000000000178e-01 -1.076266666666666705e+00 -1.058925911304448908e+00
5.400000000000000355e-01 -1.055066666666666597e+00 -1.037877454477849737e+00
5.600000000000000533e-01 -1.033066666666666578e+00 -1.016042429751888188e+00
5.800000000000000711e-01 -1.010266666666666646e+00 -9.934213425496684069e-01
6.000000000000000888e-01 -9.866666666666666918e-01 -9.700146907909117377e-01
6.200000000000001066e-01 -9.622666666666667146e-01 -9.458229645481259773e-01
6.400000000000001243e-01 -9.370666666666666034e-01 -9.208466456763566566e-01
6.600000000000001421e-01 -9.110666666666665803e-01 -8.950862074148144831e-01
6.800000000000001599e-01 -8.842666666666666453e-01 -8.685421139585787209e-01
7.000000000000001776e-01 -8.566666666666665764e-01 -8.412148199984897934e-01
7.200000000000001954e-01 -8.282666666666664845e-01 -8.131047702272664601e-01
7.400000000000002132e-01 -7.990666666666664808e-01 -7.842123988098086418e-01
7.600000000000002309e-01 -7.690666666666664542e-01 -7.545381288155912358e-01
7.800000000000002487e-01 -7.382666666666664046e-01 -7.240823716110104113e-01
8.000000000000002665e-01 -7.066666666666663321e-01 -6.928455262095341016e-01
8.199999999999998401e-01 -6.742666666666670139e-01 -6.608279785775141857e-01
8.399999999999998579e-01 -6.410666666666670066e-01 -6.280301008935786911e-01
8.599999999999998757e-01 -6.070666666666669764e-01 -5.944522507596251559e-01
8.799999999999998934e-01 -5.722666666666669233e-01 -5.600947703616054874e-01
8.999999999999999112e-01 -5.366666666666669583e-01 -5.249579855785438953e-01
9.199999999999999289e-01 -5.002666666666669704e-01 -4.890422050385809238e-01
9.399999999999999467e-01 -4.630666666666667375e-01 -4.523477191213099435e-01
9.599999999999999645e-01 -4.250666666666667037e-01 -4.148747989063069075e-01
9.799999999999999822e-01 -3.862666666666667581e-01 -3.766236950685713514e-01
1.000000000000000000e+00 -3.466666666666666785e-01 -3.375946367226544953e-01
1.020000000000000018e+00 -3.062666666666666870e-01 -2.977878302185909543e-01
1.040000000000000036e+00 -2.650666666666665616e-01 -2.572034578944438210e-01
1.060000000000000053e+00 -2.230666666666665521e-01 -2.158416767923956869e-01
1.080000000000000071e+00 -1.802666666666666029e-01 -1.737026173479636615e-01
1.100000000000000089e+00 -1.366666666666665197e-01 -1.307863820651996023e-01
1.120000000000000107e+00 -9.226666666666652472e-02 -8.709304419479790837e-02
1.140000000000000124e+00 -4.706666666666639576e-02 -4.262264643703726069e-02
1.160000000000000142e+00 -1.066666666666354901e-03 2.624800302361153526e-03
1.180000000000000160e+00 4.573333333333359785e-02 4.864931806782569340e-02
1.200000000000000178e+00 9.333333333333368453e-02 9.545096287609211583e-02
1.220000000000000195e+00 1.417333333333336831e-01 1.430298255487273684e-01
1.240000000000000213e+00 1.909333333333338156e-01 1.913860322849958995e-01
1.260000000000000231e+00 2.409333333333338600e-01 2.405197448881667976e-01
1.280000000000000249e+00 2.917333333333340661e-01 2.904311605377741801e-01
1.300000000000000266e+00 3.433333333333339343e-01 3.411205109752389331e-01
1.320000000000000284e+00 3.957333333333341585e-01 3.925880609396568688e-01
1.339999999999999858e+00 4.489333333333329623e-01 4.448341056532580939e-01
1.359999999999999876e+00 5.029333333333328993e-01 4.978589671105736469e-01
1.379999999999999893e+00 5.577333333333328591e-01 5.516629888699077222e-01
1.399999999999999911e+00 6.133333333333329529e-01 6.062465289781021616e-01
1.419999999999999929e+00 6.697333333333331806e-01 6.616099505770713929e-01
1.439999999999999947e+00 7.269333333333330982e-01 7.177536096398502430e-01
1.459999999999999964e+00 7.849333333333329277e-01 7.746778391607919145e-01
1.479999999999999982e+00 8.437333333333331131e-01 8.323829289740023452e-01
1.500000000000000000e+00 9.033333333333332105e-01 8.908691001897630635e-01
1.520000000000000018e+00 9.637333333333332197e-01 9.501364730127563885e-01
1.540000000000000036e+00 1.024933333333333252e+00 1.010185026428580768e+00
1.560000000000000053e+00 1.086933333333333529e+00 1.071014547904164393e+00
1.580000000000000071e+00 1.149733333333333718e+00 1.132624570827962529e+00
1.600000000000000089e+00 1.213333333333333819e+00 1.195014296898103456e+00
1.620000000000000107e+00 1.277733333333333832e+00 1.258182500026711503e+00
1.640000000000000124e+00 1.342933333333333756e+00 1.322127407535842458e+00
1.660000000000000142e+00 1.408933333333333593e+00 1.386846553435796547e+00
1.680000000000000160e+00 1.475733333333333785e+00 1.452336597350048608e+00
1.700000000000000178e+00 1.543333333333333890e+00 1.518593101118308919e+00
1.720000000000000195e+00 1.611733333333333906e+00 1.585610253186655161e+00
1.740000000000000213e+00 1.680933333333334279e+00 1.653380528471756428e+00
1.760000000000000231e+00 1.750933333333334119e+00 1.721894268319738464e+00
1.780000000000000249e+00 1.821733333333334315e+00 1.791139161274439617e+00
1.800000000000000266e+00 1.893333333333334423e+00 1.861099600358811834e+00
1.820000000000000284e+00 1.965733333333334443e+00 1.931755886087395346e+00
1.839999999999999858e+00 2.038933333333332598e+00 2.003083235940665396e+00
1.859999999999999876e+00 2.112933333333332442e+00 2.075050549772431641e+00
1.879999999999999893e+00 2.187733333333333086e+00 2.147618865420983791e+00
1.899999999999999911e+00 2.263333333333332753e+00 2.220739417812026328e+00
1.919999999999999929e+00 2.339733333333333221e+00 2.294351185039290808e+00
1.939999999999999947e+00 2.416933333333332712e+00 2.368377761009594629e+00
1.959999999999999964e+00 2.494933333333333003e+00 2.442723326516321958e+00
1.979999999999999982e+00 2.573733333333333206e+00 2.517267379887734524e+00
2.000000000000000000e+00 2.653333333333333321e+00 2.591857693808784724e+00
