======================================================================================================================
   ERGODIC MFG EXAMPLE (Picard)
======================================================================================================================
Parameters:
  xmin = -2.0, xmax = 2.0
  T    = 10.0, Nx = 200, Nt = 200
  sigma = 1.0, nu = 0.5, mu = 0.0, lambda = 1.225791
Solver Parameters:
  PICARD_MAX_ITER = 100, PICARD_TOL = 1e-06
  DAMPING = 0.8
  NEWTON_MAX_ITER = 20, NEWTON_TOL = 1e-09
Grid Info:
  dt = 0.050000, dx = 0.020000
----------------------------------------------------------------------------------------------------------------------
Iter  | Abs Err U    | Rel Err U    | Abs Err M    | Rel Err M    | Newton It  | Time (s)  
----------------------------------------------------------------------------------------------------------------------
1     | 5.3665e+00   | 1.0000e+00   | 3.8865e-01   | 2.2230e-01   | 613        | 0.4530
2     | 2.1242e+00   | 3.9583e-01   | 2.8183e-01   | 1.4783e-01   | 616        | 0.4787
3     | 1.4895e+00   | 2.5007e-01   | 1.8019e-01   | 8.8112e-02   | 621        | 0.4874
4     | 7.4713e-01   | 1.1672e-01   | 1.1415e-01   | 5.3347e-02   | 623        | 0.4929
5     | 3.6703e-01   | 5.4118e-02   | 7.2372e-02   | 3.2877e-02   | 622        | 0.4885
6     | 2.0761e-01   | 2.9522e-02   | 4.5904e-02   | 2.0487e-02   | 620        | 0.4938
7     | 1.3195e-01   | 1.8359e-02   | 2.9107e-02   | 1.2847e-02   | 620        | 0.4851
8     | 8.6649e-02   | 1.1899e-02   | 1.8443e-02   | 8.0835e-03   | 621        | 0.4380
9     | 5.6678e-02   | 7.7209e-03   | 1.1678e-02   | 5.0957e-03   | 621        | 0.4681
10    | 3.6680e-02   | 4.9719e-03   | 7.3888e-03   | 3.2152e-03   | 621        | 0.4836
11    | 2.3524e-02   | 3.1788e-03   | 4.6724e-03   | 2.0297e-03   | 622        | 0.4874
12    | 1.4992e-02   | 2.0219e-03   | 2.9534e-03   | 1.2815e-03   | 622        | 0.4910
13    | 9.5159e-03   | 1.2818e-03   | 1.8663e-03   | 8.0925e-04   | 622        | 0.4881
14    | 6.0248e-03   | 8.1092e-04   | 1.1791e-03   | 5.1106e-04   | 622        | 0.5476
15    | 3.8088e-03   | 5.1240e-04   | 7.4487e-04   | 3.2276e-04   | 622        | 0.4937
16    | 2.4058e-03   | 3.2356e-04   | 4.7053e-04   | 2.0385e-04   | 622        | 0.4675
17    | 1.5189e-03   | 2.0424e-04   | 2.9723e-04   | 1.2875e-04   | 622        | 0.4390
18    | 9.5871e-04   | 1.2890e-04   | 1.8777e-04   | 8.1330e-05   | 622        | 0.4835
19    | 6.0509e-04   | 8.1349e-05   | 1.1862e-04   | 5.1378e-05   | 622        | 0.4907
20    | 3.8191e-04   | 5.1341e-05   | 7.4944e-05   | 3.2460e-05   | 622        | 0.4828
21    | 2.4106e-04   | 3.2405e-05   | 4.7353e-05   | 2.0509e-05   | 622        | 0.4865
22    | 1.5217e-04   | 2.0455e-05   | 2.9923e-05   | 1.2960e-05   | 622        | 0.4916
23    | 9.6064e-05   | 1.2913e-05   | 1.8910e-05   | 8.1900e-06   | 622        | 0.4907
24    | 6.0652e-05   | 8.1532e-06   | 1.1952e-05   | 5.1762e-06   | 622        | 0.4888
25    | 3.8298e-05   | 5.1482e-06   | 7.5544e-06   | 3.2718e-06   | 622        | 0.4355
26    | 2.4186e-05   | 3.2511e-06   | 4.7755e-06   | 2.0682e-06   | 622        | 0.4586
27    | 1.5275e-05   | 2.0533e-06   | 3.0191e-06   | 1.3076e-06   | 622        | 0.4906
28    | 9.6484e-06   | 1.2970e-06   | 1.9088e-06   | 8.2671e-07   | 622        | 0.4895
29    | 6.0949e-06   | 8.1930e-07   | 1.2070e-06   | 5.2275e-07   | 622        | 0.4853
----------------------------------------------------------------------------------------------------------------------
CONVERGED in 29 iterations.
Total Execution Time: 13.9768 seconds.
