======================================================================================================================
   DOUBLE WELL MFG EXAMPLE (Picard)
======================================================================================================================
Parameters:
  xmin = -2.5, xmax = 2.5
  T    = 1.0, Nx = 500, Nt = 100
  nu   = 0.1, alpha = 2, kappa = 1.0
Solver Parameters:
  PICARD_MAX_ITER = 50, PICARD_TOL = 1e-06
  DAMPING = 0.8
  NEWTON_MAX_ITER = 20, NEWTON_TOL = 1e-09
Grid Info:
  dt = 0.010000, dx = 0.010000
Problem Specific Parameters:
  tilt = 0.3, well_depth = 2.0, initial_std = 0.6, boundary = periodic
----------------------------------------------------------------------------------------------------------------------
Iter  | Abs Err U    | Rel Err U    | Abs Err M    | Rel Err M    | Newton It  | Time (s)  
----------------------------------------------------------------------------------------------------------------------
1     | 6.5724e+00   | 1.0000e+00   | 5.4896e-01   | 8.4428e-01   | 410        | 0.1713
2     | 1.4535e+00   | 2.2116e-01   | 1.3809e-01   | 1.8553e-01   | 343        | 0.1463
3     | 3.4482e-01   | 4.3166e-02   | 5.1217e-02   | 6.5810e-02   | 344        | 0.1430
4     | 6.7694e-02   | 8.1474e-03   | 3.1405e-02   | 4.0101e-02   | 343        | 0.1421
5     | 2.4688e-02   | 2.9496e-03   | 2.0279e-02   | 2.5897e-02   | 343        | 0.1413
6     | 9.4344e-03   | 1.1249e-03   | 1.3248e-02   | 1.6918e-02   | 343        | 0.1423
7     | 6.7798e-03   | 8.0836e-04   | 8.6569e-03   | 1.1055e-02   | 343        | 0.1430
8     | 4.2209e-03   | 5.0314e-04   | 5.6579e-03   | 7.2251e-03   | 343        | 0.1410
9     | 2.7928e-03   | 3.3294e-04   | 3.6973e-03   | 4.7217e-03   | 343        | 0.1412
10    | 1.8180e-03   | 2.1671e-04   | 2.4166e-03   | 3.0861e-03   | 343        | 0.1421
11    | 1.1890e-03   | 1.4174e-04   | 1.5795e-03   | 2.0171e-03   | 343        | 0.1426
12    | 7.7695e-04   | 9.2617e-05   | 1.0324e-03   | 1.3184e-03   | 343        | 0.1458
13    | 5.0777e-04   | 6.0531e-05   | 6.7476e-04   | 8.6171e-04   | 343        | 0.1453
14    | 3.3190e-04   | 3.9565e-05   | 4.4103e-04   | 5.6322e-04   | 343        | 0.1450
15    | 2.1692e-04   | 2.5858e-05   | 2.8826e-04   | 3.6813e-04   | 343        | 0.1397
16    | 1.4178e-04   | 1.6902e-05   | 1.8841e-04   | 2.4061e-04   | 343        | 0.1402
17    | 9.2668e-05   | 1.1047e-05   | 1.2315e-04   | 1.5727e-04   | 343        | 0.1398
18    | 6.0570e-05   | 7.2204e-06   | 8.0490e-05   | 1.0279e-04   | 343        | 0.1397
19    | 3.9588e-05   | 4.7193e-06   | 5.2609e-05   | 6.7185e-05   | 343        | 0.1423
20    | 2.5876e-05   | 3.0846e-06   | 3.4386e-05   | 4.3912e-05   | 343        | 0.1393
21    | 1.6912e-05   | 2.0161e-06   | 2.2475e-05   | 2.8702e-05   | 343        | 0.1395
22    | 1.1054e-05   | 1.3177e-06   | 1.4690e-05   | 1.8760e-05   | 343        | 0.1410
23    | 7.2251e-06   | 8.6129e-07   | 9.6014e-06   | 1.2261e-05   | 343        | 0.1431
24    | 4.7224e-06   | 5.6295e-07   | 6.2755e-06   | 8.0142e-06   | 343        | 0.1362
25    | 3.0866e-06   | 3.6795e-07   | 4.1017e-06   | 5.2382e-06   | 343        | 0.1423
26    | 2.0174e-06   | 2.4049e-07   | 2.6809e-06   | 3.4237e-06   | 343        | 0.1421
27    | 1.3186e-06   | 1.5719e-07   | 1.7523e-06   | 2.2378e-06   | 343        | 0.1395
28    | 8.6185e-07   | 1.0274e-07   | 1.1453e-06   | 1.4626e-06   | 343        | 0.1402
29    | 5.6331e-07   | 6.7152e-08   | 7.4859e-07   | 9.5598e-07   | 343        | 0.1435
----------------------------------------------------------------------------------------------------------------------
CONVERGED at nu=0.1 in 29 iterations.
Total Execution Time: 4.1577 seconds.
