x u_star u_num
-2.000000e+00 5.239265e+00 5.239265e+00
-1.980000e+00 5.179565e+00 5.184697e+00
-1.960000e+00 5.120465e+00 5.130124e+00
-1.940000e+00 5.061965e+00 5.075629e+00
-1.920000e+00 5.004065e+00 5.021287e+00
-1.900000e+00 4.946765e+00 4.967159e+00
-1.880000e+00 4.890065e+00 4.913299e+00
-1.860000e+00 4.833965e+00 4.859752e+00
-1.840000e+00 4.778465e+00 4.806557e+00
-1.820000e+00 4.723565e+00 4.753748e+00
-1.800000e+00 4.669265e+00 4.701354e+00
-1.780000e+00 4.615565e+00 4.649400e+00
-1.760000e+00 4.562465e+00 4.597906e+00
-1.740000e+00 4.509965e+00 4.546891e+00
-1.720000e+00 4.458065e+00 4.496370e+00
-1.700000e+00 4.406765e+00 4.446357e+00
-1.680000e+00 4.356065e+00 4.396862e+00
-1.660000e+00 4.305965e+00 4.347897e+00
-1.640000e+00 4.256465e+00 4.299469e+00
-1.620000e+00 4.207565e+00 4.251586e+00
-1.600000e+00 4.159265e+00 4.204253e+00
-1.580000e+00 4.111565e+00 4.157476e+00
-1.560000e+00 4.064465e+00 4.111260e+00
-1.540000e+00 4.017965e+00 4.065608e+00
-1.520000e+00 3.972065e+00 4.020523e+00
-1.500000e+00 3.926765e+00 3.976009e+00
-1.480000e+00 3.882065e+00 3.932067e+00
-1.460000e+00 3.837965e+00 3.888700e+00
-1.440000e+00 3.794465e+00 3.845910e+00
-1.420000e+00 3.751565e+00 3.803697e+00
-1.400000e+00 3.709265e+00 3.762064e+00
-1.380000e+00 3.667565e+00 3.721011e+00
-1.360000e+00 3.626465e+00 3.680539e+00
-1.340000e+00 3.585965e+00 3.640649e+00
-1.320000e+00 3.546065e+00 3.601341e+00
-1.300000e+00 3.506765e+00 3.562617e+00
-1.280000e+00 3.468065e+00 3.524476e+00
-1.260000e+00 3.429965e+00 3.486919e+00
-1.240000e+00 3.392465e+00 3.449946e+00
-1.220000e+00 3.355565e+00 3.413558e+00
-1.200000e+00 3.319265e+00 3.377755e+00
-1.180000e+00 3.283565e+00 3.342537e+00
-1.160000e+00 3.248465e+00 3.307904e+00
-1.140000e+00 3.213965e+00 3.273857e+00
-1.120000e+00 3.180065e+00 3.240395e+00
-1.100000e+00 3.146765e+00 3.207519e+00
-1.080000e+00 3.114065e+00 3.175230e+00
-1.060000e+00 3.081965e+00 3.143526e+00
-1.040000e+00 3.050465e+00 3.112409e+00
-1.020000e+00 3.019565e+00 3.081878e+00
-1.000000e+00 2.989265e+00 3.051934e+00
-9.800000e-01 2.959565e+00 3.022576e+00
-9.600000e-01 2.930465e+00 2.993806e+00
-9.400000e-01 2.901965e+00 2.965622e+00
-9.200000e-01 2.874065e+00 2.938026e+00
-9.000000e-01 2.846765e+00 2.911017e+00
-8.800000e-01 2.820065e+00 2.884596e+00
-8.600000e-01 2.793965e+00 2.858763e+00
-8.400000e-01 2.768465e+00 2.833517e+00
-8.200000e-01 2.743565e+00 2.808860e+00
-8.000000e-01 2.719265e+00 2.784791e+00
-7.800000e-01 2.695565e+00 2.761310e+00
-7.600000e-01 2.672465e+00 2.738419e+00
-7.400000e-01 2.649965e+00 2.716116e+00
-7.200000e-01 2.628065e+00 2.694403e+00
-7.000000e-01 2.606765e+00 2.673279e+00
-6.800000e-01 2.586065e+00 2.652745e+00
-6.600000e-01 2.565965e+00 2.632800e+00
-6.400000e-01 2.546465e+00 2.613446e+00
-6.200000e-01 2.527565e+00 2.594683e+00
-6.000000e-01 2.509265e+00 2.576510e+00
-5.800000e-01 2.491565e+00 2.558929e+00
-5.600000e-01 2.474465e+00 2.541938e+00
-5.400000e-01 2.457965e+00 2.525540e+00
-5.200000e-01 2.442065e+00 2.509733e+00
-5.000000e-01 2.426765e+00 2.494519e+00
-4.800000e-01 2.412065e+00 2.479897e+00
-4.600000e-01 2.397965e+00 2.465868e+00
-4.400000e-01 2.384465e+00 2.452432e+00
-4.200000e-01 2.371565e+00 2.439589e+00
-4.000000e-01 2.359265e+00 2.427340e+00
-3.800000e-01 2.347565e+00 2.415686e+00
-3.600000e-01 2.336465e+00 2.404626e+00
-3.400000e-01 2.325965e+00 2.394160e+00
-3.200000e-01 2.316065e+00 2.384290e+00
-3.000000e-01 2.306765e+00 2.375015e+00
-2.800000e-01 2.298065e+00 2.366336e+00
-2.600000e-01 2.289965e+00 2.358254e+00
-2.400000e-01 2.282465e+00 2.350767e+00
-2.200000e-01 2.275565e+00 2.343878e+00
-2.000000e-01 2.269265e+00 2.337586e+00
-1.800000e-01 2.263565e+00 2.331891e+00
-1.600000e-01 2.258465e+00 2.326794e+00
-1.400000e-01 2.253965e+00 2.322296e+00
-1.200000e-01 2.250065e+00 2.318396e+00
-1.000000e-01 2.246765e+00 2.315095e+00
-8.000000e-02 2.244065e+00 2.312393e+00
-6.000000e-02 2.241965e+00 2.310291e+00
-4.000000e-02 2.240465e+00 2.308790e+00
-2.000000e-02 2.239565e+00 2.307888e+00
0.000000e+00 2.239265e+00 2.307588e+00
2.000000e-02 2.239565e+00 2.307888e+00
4.000000e-02 2.240465e+00 2.308790e+00
6.000000e-02 2.241965e+00 2.310291e+00
8.000000e-02 2.244065e+00 2.312393e+00
1.000000e-01 2.246765e+00 2.315095e+00
1.200000e-01 2.250065e+00 2.318396e+00
1.400000e-01 2.253965e+00 2.322296e+00
1.600000e-01 2.258465e+00 2.326794e+00
1.800000e-01 2.263565e+00 2.331891e+00
2.000000e-01 2.269265e+00 2.337586e+00
2.200000e-01 2.275565e+00 2.343878e+00
2.400000e-01 2.282465e+00 2.350767e+00
2.600000e-01 2.289965e+00 2.358254e+00
2.800000e-01 2.298065e+00 2.366336e+00
3.000000e-01 2.306765e+00 2.375015e+00
3.200000e-01 2.316065e+00 2.384290e+00
3.400000e-01 2.325965e+00 2.394160e+00
3.600000e-01 2.336465e+00 2.404626e+00
3.800000e-01 2.347565e+00 2.415686e+00
4.000000e-01 2.359265e+00 2.427340e+00
4.200000e-01 2.371565e+00 2.439589e+00
4.400000e-01 2.384465e+00 2.452432e+00
4.600000e-01 2.397965e+00 2.465868e+00
4.800000e-01 2.412065e+00 2.479897e+00
5.000000e-01 2.426765e+00 2.494519e+00
5.200000e-01 2.442065e+00 2.509733e+00
5.400000e-01 2.457965e+00 2.525540e+00
5.600000e-01 2.474465e+00 2.541938e+00
5.800000e-01 2.491565e+00 2.558929e+00
6.000000e-01 2.509265e+00 2.576510e+00
6.200000e-01 2.527565e+00 2.594683e+00
6.400000e-01 2.546465e+00 2.613446e+00
6.600000e-01 2.565965e+00 2.632800e+00
6.800000e-01 2.586065e+00 2.652745e+00
7.000000e-01 2.606765e+00 2.673279e+00
7.200000e-01 2.628065e+00 2.694403e+00
7.400000e-01 2.649965e+00 2.716116e+00
7.600000e-01 2.672465e+00 2.738419e+00
7.800000e-01 2.695565e+00 2.761310e+00
8.000000e-01 2.719265e+00 2.784791e+00
8.200000e-01 2.743565e+00 2.808860e+00
8.400000e-01 2.768465e+00 2.833517e+00
8.600000e-01 2.793965e+00 2.858763e+00
8.800000e-01 2.820065e+00 2.884596e+00
9.000000e-01 2.846765e+00 2.911017e+00
9.200000e-01 2.874065e+00 2.938026e+00
9.400000e-01 2.901965e+00 2.965622e+00
9.600000e-01 2.930465e+00 2.993806e+00
9.800000e-01 2.959565e+00 3.022576e+00
1.000000e+00 2.989265e+00 3.051934e+00
1.020000e+00 3.019565e+00 3.081878e+00
1.040000e+00 3.050465e+00 3.112409e+00
1.060000e+00 3.081965e+00 3.143526e+00
1.080000e+00 3.114065e+00 3.175230e+00
1.100000e+00 3.146765e+00 3.207519e+00
1.120000e+00 3.180065e+00 3.240395e+00
1.140000e+00 3.213965e+00 3.273857e+00
1.160000e+00 3.248465e+00 3.307904e+00
1.180000e+00 3.283565e+00 3.342537e+00
1.200000e+00 3.319265e+00 3.377755e+00
1.220000e+00 3.355565e+00 3.413558e+00
1.240000e+00 3.392465e+00 3.449946e+00
1.260000e+00 3.429965e+00 3.486919e+00
1.280000e+00 3.468065e+00 3.524476e+00
1.300000e+00 3.506765e+00 3.562617e+00
1.320000e+00 3.546065e+00 3.601341e+00
1.340000e+00 3.585965e+00 3.640649e+00
1.360000e+00 3.626465e+00 3.680539e+00
1.380000e+00 3.667565e+00 3.721011e+00
1.400000e+00 3.709265e+00 3.762064e+00
1.420000e+00 3.751565e+00 3.803697e+00
1.440000e+00 3.794465e+00 3.845910e+00
1.460000e+00 3.837965e+00 3.888700e+00
1.480000e+00 3.882065e+00 3.932067e+00
1.500000e+00 3.926765e+00 3.976009e+00
1.520000e+00 3.972065e+00 4.020523e+00
1.540000e+00 4.017965e+00 4.065608e+00
1.560000e+00 4.064465e+00 4.111260e+00
1.580000e+00 4.111565e+00 4.157476e+00
1.600000e+00 4.159265e+00 4.204253e+00
1.620000e+00 4.207565e+00 4.251586e+00
1.640000e+00 4.256465e+00 4.299469e+00
1.660000e+00 4.305965e+00 4.347897e+00
1.680000e+00 4.356065e+00 4.396862e+00
1.700000e+00 4.406765e+00 4.446357e+00
1.720000e+00 4.458065e+00 4.496370e+00
1.740000e+00 4.509965e+00 4.546891e+00
1.760000e+00 4.562465e+00 4.597906e+00
1.780000e+00 4.615565e+00 4.649400e+00
1.800000e+00 4.669265e+00 4.701354e+00
1.820000e+00 4.723565e+00 4.753748e+00
1.840000e+00 4.778465e+00 4.806557e+00
1.860000e+00 4.833965e+00 4.859752e+00
1.880000e+00 4.890065e+00 4.913299e+00
1.900000e+00 4.946765e+00 4.967159e+00
1.920000e+00 5.004065e+00 5.021287e+00
1.940000e+00 5.061965e+00 5.075629e+00
1.960000e+00 5.120465e+00 5.130124e+00
1.980000e+00 5.179565e+00 5.184697e+00
2.000000e+00 5.239265e+00 5.239265e+00
